% Modellstadt SS 2023
% List of nodes n <x-Position> <y-Position> <Node-Id>

n 50 50 1
n 150 25 2
n 250 25 3
n 375 25 4
n 375 150 5
n 375 225 6
n 375 350 7
n 375 475 8
n 375 550 9
n 375 650 10
n 325 750 11
n 250 775 12
n 150 775 13
n 50 750 14
n 50 650 15
n 50 550 16
n 50 475 17
n 50 350 18
n 50 225 19
n 50 150 20
n 450 25 21
n 550 25 22
n 650 25 23
n 725 50 24
n 750 150 25
n 725 225 26
n 650 225 27
n 550 225 28
n 450 225 29
n 250 225 30
n 150 225 31
n 250 475 32
n 150 475 33

% List of edges e <start-Node-Id> <end-Node-Id> <Edge-Id> <Cost value>
e 1 2 1 100
e 2 3 2 100
e 3 4 3 100
e 4 5 4 100
e 5 6 5 100
e 6 7 6 100
e 7 8 7 100
e 8 9 8 100
e 9 10 9 100
e 10 11 10 100
e 11 12 11 100
e 12 13 12 100
e 13 14 12 100
e 14 15 13 100
e 15 16 14 100
e 16 17 15 100
e 17 18 16 100
e 18 19 17 100
e 19 20 18 100
e 20 1 19 100
e 4 21 20 100
e 21 22 21 100
e 22 23 22 100
e 23 24 23 100
e 24 25 24 100
e 25 26 25 100
e 26 27 26 100
e 27 28 27 100
e 28 29 28 100
e 29 6 29 100
e 6 30 30 100
e 30 31 31 100
e 31 19 32 100
e 8 32 33 100
e 32 33 34 100
e 33 17 35 100


